# t (s)	mx	my	mz	B_extx (T)	B_exty (T)	B_extz (T)
0.0	2.832178935818774e-17	-5.565617411384948e-17	0.0009600277796983599	0.0	0.0	0.0
0.0	0.09516157550339684	-1.6600054664195342e-16	0.0009605920666741832	0.005	0.0	0.0
0.0	0.1850875009239672	1.0230864766480607e-15	0.0009624197348866094	0.01	0.0	0.0
0.0	0.2671376070764435	-8.031746982772869e-13	0.000964855281053568	0.015	0.0	0.0
0.0	0.33978861601718247	-1.0559383673003353e-11	0.0009691266905695393	0.02	0.0	0.0
0.0	0.40319921738474157	-1.8164628502737034e-12	0.000975539765927775	0.025	0.0	0.0
0.0	0.4585491385759102	-6.561227396117975e-12	0.0009829313963307428	0.03	0.0	0.0
0.0	0.5063290037378667	-8.169056042728328e-13	0.000992231561776716	0.035	0.0	0.0
0.0	0.5475681555181214	-1.2130047799541189e-12	0.0010041831368426343	0.04	0.0	0.0
0.0	0.5835716026970237	-1.2205335353510095e-14	0.0010187641734024015	0.045	0.0	0.0
0.0	0.6149557093052082	-6.543521280377718e-14	0.0010392701274157335	0.05	0.0	0.0
0.0	0.6437612899248288	1.5963554950149117e-12	0.001070324861820017	0.055	0.0	0.0
0.0	0.7735927290204492	1.45136208259955e-13	2.300850482361838e-18	0.06	0.0	0.0
0.0	0.7743176478235849	8.081332859843915e-14	5.415633219651994e-18	0.065	0.0	0.0
0.0	0.7749850201893423	4.297368259853496e-14	6.986598799496591e-19	0.07	0.0	0.0
0.0	0.7756008273411927	1.8117031486131198e-14	5.695964533369846e-19	0.075	0.0	0.0
0.0	0.7761701149123236	7.547567085208761e-15	1.9321350075429676e-18	0.08	0.0	0.0
0.0	0.7766974123457844	3.0651970545081396e-15	4.540638698369292e-19	0.085	0.0	0.0
0.0	0.7771865921104665	1.0004524986229057e-15	2.2749163663959846e-18	0.09	0.0	0.0
0.0	0.7776410988106423	3.2498240210010463e-16	2.4789198471708573e-19	0.095	0.0	0.0
0.0	0.7780639850321565	8.95755691843192e-17	-2.435551760271437e-19	0.1	0.0	0.0
0.0	0.7784579572631467	2.0618576290765133e-17	6.189493362285248e-19	0.105	0.0	0.0
0.0	0.7788254656497979	3.722022690055837e-18	2.989795910846027e-19	0.11	0.0	0.0
0.0	0.7791686565528874	-5.115873003003202e-18	7.698702786385069e-19	0.115	0.0	0.0
0.0	0.7794894860169257	-6.807401864428186e-18	8.646729166006395e-19	0.12	0.0	0.0
0.0	0.7797897423182226	-8.505869619757078e-18	9.0353072246252e-19	0.125	0.0	0.0
0.0	0.7800710121327273	-5.3903062569027326e-18	2.1130666660873487e-18	0.13	0.0	0.0
0.0	0.7803347420606418	-1.8611848173755163e-18	3.285566263500073e-19	0.135	0.0	0.0
0.0	0.7805822523593873	-2.5483087862099298e-18	1.033895191682177e-19	0.14	0.0	0.0
0.0	0.7808147601292116	-2.4764912343044898e-18	1.7789589246142157e-19	0.145	0.0	0.0
0.0	0.7810333615967395	5.8893862009412605e-19	-1.9229409731202907e-19	0.15	0.0	0.0
0.0	0.7810333622231538	-3.7313901968261123e-19	1.8145207558717402e-19	0.15	0.0	0.0
0.0	0.7808147807811778	8.89913143176102e-19	9.697104230710351e-20	0.145	0.0	0.0
0.0	0.7805822689601434	2.0419430035722997e-18	-1.5274240205975787e-19	0.14	0.0	0.0
0.0	0.7803347563383175	2.191129222506305e-18	1.9359513991901168e-19	0.135	0.0	0.0
0.0	0.7800710381804177	-7.332676132953964e-19	8.014422459012849e-19	0.13	0.0	0.0
0.0	0.779789751966279	-1.84071508035899e-18	1.8214596497756476e-20	0.125	0.0	0.0
0.0	0.7794895058681399	-1.6930901125533637e-18	-1.5265566588595903e-20	0.12	0.0	0.0
0.0	0.7791686756669812	-1.470698562933137e-18	1.2087553180606391e-18	0.115	0.0	0.0
0.0	0.7788254734817398	-2.0920765120280293e-19	-4.889318117040631e-19	0.11	0.0	0.0
0.0	0.7784579739018722	-6.19157503045642e-18	-1.3071141391485242e-19	0.105	0.0	0.0
0.0	0.7780640070556645	-7.843031779586341e-18	-2.527492104498208e-19	0.1	0.0	0.0
0.0	0.7776410995313117	-1.247058012410207e-17	-2.3412695393520977e-18	0.095	0.0	0.0
0.0	0.7771866044123753	-1.6037865480100778e-17	8.637188186888523e-19	0.09	0.0	0.0
0.0	0.7766974328396543	-1.7800344531693214e-17	2.7651492207070303e-19	0.085	0.0	0.0
0.0	0.7761701345335912	-1.5435222544546434e-17	1.0908808578680152e-18	0.08	0.0	0.0
0.0	0.7756008509933469	-1.7537707397430324e-17	-1.0217521273503394e-19	0.075	0.0	0.0
0.0	0.774985052007643	-2.949550326203365e-17	4.0523140398818214e-19	0.07	0.0	0.0
0.0	0.7743176745048665	-4.0363198894333154e-17	-6.864300794440226e-19	0.065	0.0	0.0
0.0	0.7735927354875268	-5.309606920800292e-17	7.846154281843098e-19	0.06	0.0	0.0
0.0	0.7728033962082727	-8.033226861492437e-17	1.4895203126474855e-18	0.055	0.0	0.0
0.0	0.7719415510522186	-1.1540837729917542e-16	-9.332638828407625e-18	0.05	0.0	0.0
0.0	0.7709976220497499	-1.7986896694299758e-16	1.1102230246251566e-20	0.045	0.0	0.0
0.0	0.7699602149012676	-2.501960444378781e-16	-3.2959746043559335e-21	0.04	0.0	0.0
0.0	0.7688152268494834	-3.90031063002283e-16	4.553649124439119e-19	0.035	0.0	0.0
0.0	0.7675459194258251	-6.366150662184822e-16	-3.6221026178395734e-19	0.03	0.0	0.0
0.0	0.7661310263939265	-1.3369302193089184e-15	7.19910242530375e-21	0.025	0.0	0.0
0.0	0.7645438347631962	-1.956905817945831e-15	2.4134860776570123e-17	0.02	0.0	0.0
0.0	0.762749551083507	-4.4778940971879064e-15	3.4347524824340783e-20	0.015	0.0	0.0
0.0	0.7607025513126652	4.981779051782542e-14	7.979727989493312e-20	0.01	0.0	0.0
0.0	0.7583390142459224	2.6806376215993133e-14	-1.6601303665098043e-19	0.005	0.0	0.0
0.0	0.755568241133696	-3.2967286019147667e-13	4.0271605494801576e-19	0.0	0.0	0.0
0.0	0.7522505833443425	-1.7865690896123886e-11	1.76128729656444e-16	-0.005	0.0	0.0
0.0	0.7481518825327447	-2.0759192931811554e-9	1.8379395227974272e-19	-0.01	0.0	0.0
0.0	-0.26713788584597553	-1.2869027309345652e-6	-0.0009648555022500481	-0.015	0.0	0.0
0.0	-0.3397909483068557	-1.5650678185957778e-9	-0.000969127021508169	-0.02	0.0	0.0
0.0	-0.403199107708928	-2.3792585748805275e-13	-0.0009755396900490014	-0.025	0.0	0.0
0.0	-0.45854873716036026	6.161923471470487e-14	-0.0009829313749352472	-0.03	0.0	0.0
0.0	-0.5063289994042869	1.6730034441136965e-13	-0.0009922316077689676	-0.035	0.0	0.0
0.0	-0.5475683656704611	-1.6586684289943144e-12	-0.0010041832340496565	-0.04	0.0	0.0
0.0	-0.5835714286778643	-1.0134143593742984e-12	-0.001018764091379989	-0.045	0.0	0.0
0.0	-0.6149553470697254	-1.536109670019492e-13	-0.0010392696116271866	-0.05	0.0	0.0
0.0	-0.6437612871455068	1.4608938642135528e-13	-0.0010703253909973656	-0.055	0.0	0.0
0.0	-0.7735927290864304	9.201996109542421e-15	-2.4498875150769093e-15	-0.06	0.0	0.0
0.0	-0.7743176411060323	5.487522242164644e-15	1.9408953610966504e-18	-0.065	0.0	0.0
0.0	-0.774985025628447	2.8522413597631415e-15	-7.624977038656056e-19	-0.07	0.0	0.0
0.0	-0.7756007703367283	1.4582106355742751e-15	-1.0809929340549473e-18	-0.075	0.0	0.0
0.0	-0.7761701227807677	5.740886932503741e-16	-1.1221926166093966e-18	-0.08	0.0	0.0
0.0	-0.7766974101563873	2.718804348322834e-16	-2.796374243274613e-19	-0.085	0.0	0.0
0.0	-0.7771865928508809	8.05917832469305e-17	-6.480926906249351e-19	-0.09	0.0	0.0
0.0	-0.7776410887520925	6.9066280472540595e-18	-9.148064250563692e-19	-0.095	0.0	0.0
0.0	-0.7780639500770724	-1.992260523220324e-17	-5.097484934157848e-19	-0.1	0.0	0.0
0.0	-0.7784579647863675	-2.793910935938726e-17	9.274699064309998e-19	-0.105	0.0	0.0
0.0	-0.7788254654606195	-3.2258917759264705e-17	-8.211313573536216e-19	-0.11	0.0	0.0
0.0	-0.7791686567371353	-3.117072572278445e-17	-2.0746425410944626e-18	-0.115	0.0	0.0
0.0	-0.7794894827117825	-2.889719713516925e-17	-4.6638040651636455e-19	-0.12	0.0	0.0
0.0	-0.7797897439958426	-2.540346405455196e-17	-7.879981389624646e-19	-0.125	0.0	0.0
0.0	-0.780070999151445	-2.304736262948026e-17	-9.957312752106873e-20	-0.13	0.0	0.0
0.0	-0.7803347437689175	-2.209534638586419e-17	1.0802990446645567e-18	-0.135	0.0	0.0
0.0	-0.7805822401898606	-1.7958898257397494e-17	-7.902532794812345e-19	-0.14	0.0	0.0
0.0	-0.7808147645984969	-1.5079777704318786e-17	-8.874845303097346e-19	-0.145	0.0	0.0
0.0	-0.781033361773393	-1.7014861741770916e-17	-9.32847549206528e-19	-0.15	0.0	0.0
0.0	-0.7810333627135643	-1.615114292308206e-17	-5.1833537462187e-19	-0.15	0.0	0.0
0.0	-0.7808147669303261	-2.084252909151374e-17	4.0805900325402434e-18	-0.145	0.0	0.0
0.0	-0.7805822604338353	-2.129858789334804e-17	-1.2607102861661446e-18	-0.14	0.0	0.0
0.0	-0.7803347572417569	-1.944746447213319e-17	-4.493801164517919e-19	-0.135	0.0	0.0
0.0	-0.7800710239448986	-1.9968228459621428e-17	7.467984564080154e-20	-0.13	0.0	0.0
0.0	-0.7797897502506927	-2.0303723979875343e-17	-3.4954678040932665e-20	-0.125	0.0	0.0
0.0	-0.7794894948046602	-2.5178123475022575e-17	7.843725668976731e-18	-0.12	0.0	0.0
0.0	-0.7791686744649204	-2.4035114176701455e-17	-5.229323918332085e-19	-0.115	0.0	0.0
0.0	-0.7788254869249199	-2.135479293396969e-17	-4.8225312632155234e-20	-0.11	0.0	0.0
0.0	-0.7784579902909669	-2.731911918907315e-17	-3.669807513428935e-19	-0.105	0.0	0.0
0.0	-0.7780639880798883	-2.8890778658308134e-17	3.702767259472495e-18	-0.1	0.0	0.0
0.0	-0.7776411009419978	-2.879189942017746e-17	-1.0119509397110705e-18	-0.095	0.0	0.0
0.0	-0.7771866570115359	-2.8453975287057175e-17	-7.278032343460694e-19	-0.09	0.0	0.0
0.0	-0.7766975525536327	-3.522043767745231e-17	-4.544975507059235e-19	-0.085	0.0	0.0
0.0	-0.7761701539239745	-3.754427324587084e-17	-6.334342772529311e-19	-0.08	0.0	0.0
0.0	-0.7756008411746853	-3.7888095438809446e-17	-4.6837533851373794e-21	-0.075	0.0	0.0
0.0	-0.7749850160146495	-4.4420717104642904e-17	-5.931886926102691e-19	-0.07	0.0	0.0
0.0	-0.7743176511465281	-4.64031590929892e-17	-2.998469528225911e-19	-0.065	0.0	0.0
0.0	-0.7735927235791697	-4.9430251558568725e-17	-7.364768517259534e-19	-0.06	0.0	0.0
0.0	-0.7728035593123013	-5.952148496302101e-17	-5.250140600043806e-19	-0.055	0.0	0.0
0.0	-0.7719415583541221	-6.607214775300463e-17	8.474124180146702e-20	-0.05	0.0	0.0
0.0	-0.7709976191100956	-8.808440088436953e-17	-3.714042962066344e-18	-0.045	0.0	0.0
0.0	-0.7699601244458615	-1.0555618878971273e-16	-5.316060092130925e-19	-0.04	0.0	0.0
0.0	-0.7688152457625491	-1.3099868412247418e-16	-1.5352302762394743e-20	-0.035	0.0	0.0
0.0	-0.7675459194675642	-1.4420339922160963e-16	-4.891920202254596e-20	-0.03	0.0	0.0
0.0	-0.7661310403246597	-2.0624266183766337e-16	1.5666287711546545e-18	-0.025	0.0	0.0
0.0	-0.7645438091678762	-3.312319168946587e-16	-1.0231659269832604e-16	-0.02	0.0	0.0
0.0	-0.7627496106349244	-7.322753514671376e-16	-2.2243491770712607e-18	-0.015	0.0	0.0
0.0	-0.7607024190547882	-1.914481420617342e-15	3.138114768042044e-18	-0.01	0.0	0.0
0.0	-0.7583389292966887	-5.612473333305168e-15	-5.510349121440328e-19	-0.005	0.0	0.0
0.0	-0.7555682086685538	-5.225160235045045e-15	-1.2049129055613506e-17	0.0	0.0	0.0
0.0	-0.7522505900301591	1.9418952681982127e-12	7.142723912334503e-19	0.005	0.0	0.0
0.0	-0.7481516395870149	2.452079921992645e-10	1.4386061786275662e-18	0.01	0.0	0.0
0.0	0.26713799902375696	-2.2833083434037338e-9	0.0009648554778793246	0.015	0.0	0.0
0.0	0.33978960433762734	2.8291789434115034e-11	0.0009691265190861916	0.02	0.0	0.0
0.0	0.40319956676820723	-2.019183212992326e-12	0.000975539845952766	0.025	0.0	0.0
0.0	0.45854889714204955	1.3157146629139137e-12	0.0009829314923487998	0.03	0.0	0.0
0.0	0.5063287574950222	-1.2108625919993177e-11	0.0009922315993328562	0.035	0.0	0.0
0.0	0.5475682017479186	-5.409248451937465e-13	0.0010041832021711712	0.04	0.0	0.0
0.0	0.5835714578919169	1.8302914309153983e-12	0.0010187640956507557	0.045	0.0	0.0
0.0	0.6149557514556068	1.1031484767332067e-12	0.0010392700238014345	0.05	0.0	0.0
0.0	0.6437608769704684	-2.710010868489654e-13	0.0010703245840489063	0.055	0.0	0.0
0.0	0.7735927289434076	-3.658193192812575e-14	-1.4746877330384932e-14	0.06	0.0	0.0
0.0	0.7743176214130166	-1.1624517320951711e-14	-2.00152394658204e-18	0.065	0.0	0.0
0.0	0.7749849782012264	-6.40010267005664e-15	-6.873841773558098e-19	0.07	0.0	0.0
0.0	0.7756008557626506	-3.554124355931165e-15	-4.787836793695988e-19	0.075	0.0	0.0
0.0	0.7761701235029954	-1.580456945871056e-15	-6.854759815322353e-19	0.08	0.0	0.0
0.0	0.7766974169986851	-6.215392783781582e-16	-3.8380756905986857e-19	0.085	0.0	0.0
0.0	0.777186592226842	-2.0477890216863414e-16	-2.1196586152960606e-18	0.09	0.0	0.0
0.0	0.7776410980670626	-5.943058545287982e-17	-4.51461784622964e-19	0.095	0.0	0.0
0.0	0.7780639751805745	-8.795048023202412e-18	-9.294648384283733e-19	0.1	0.0	0.0
0.0	0.7784579666984317	7.9582174183912e-18	-7.452372052796363e-19	0.105	0.0	0.0
0.0	0.7788254653959195	1.4343734533461826e-17	-2.945820670730015e-18	0.11	0.0	0.0
0.0	0.7791686567768199	1.841912039557414e-17	-7.266756640866845e-19	0.115	0.0	0.0
0.0	0.779489491372947	1.5713125245397918e-17	-9.982466242508537e-19	0.12	0.0	0.0
0.0	0.7797897214480797	1.8683665725660604e-17	-5.401928904191777e-19	0.125	0.0	0.0
0.0	0.7800710040924795	1.7601892166041467e-17	-5.08534186982601e-19	0.13	0.0	0.0
0.0	0.780334663722441	1.6400596158927527e-17	-7.698702786385069e-19	0.135	0.0	0.0
0.0	0.7805822590592069	1.45102679871556e-17	-7.912941135668206e-19	0.14	0.0	0.0
0.0	0.7808147658049026	1.6107601363835043e-17	-8.349224089876373e-19	0.145	0.0	0.0
0.0	0.781033337852032	1.3483138217029733e-17	-5.185955831432665e-19	0.15	0.0	0.0
