# t (s)	mx	my	mz	skyrmionx (m)	skyrmiony (m)	skyrmionz (m)	Q
0.0	2.473862347997515e-19	2.1679965938981125e-18	0.9926666692350464	2.842170943040401e-23	-3.941526959705029e-23	0.0	-0.9374155961797198
0.0	2.473862347997515e-19	2.1679965938981125e-18	0.9926666692350464	2.842170943040401e-23	-3.941526959705029e-23	0.0	-0.9374155961797198
2.0e-11	7.51328595936302e-5	-1.6067458687966035e-5	0.9926671474968933	-3.559070116324847e-9	4.10577614537746e-10	0.0	-0.937409267697128
4.0e-11	8.17512241038584e-5	-3.012496330055983e-5	0.9926673851432501	-7.115664414366023e-9	8.280328661900538e-10	0.0	-0.9374068475365115
6.0e-11	8.15770830158224e-5	-3.262235368317986e-5	0.9926674213487242	-1.0671522286508093e-8	1.2458694520797575e-9	0.0	-0.9374067357053991
8.0e-11	8.141074584896775e-5	-3.2938718015156746e-5	0.9926673882999248	-1.4227222831475758e-8	1.663668225837579e-9	0.0	-0.9374074362166928
9.999999999999999e-11	8.138053700210631e-5	-3.2969506264711335e-5	0.9926673419479274	-1.7782918018696735e-8	2.0814523001711122e-9	0.0	-0.9374078078193038
1.2e-10	8.137992931522493e-5	-3.297296894823038e-5	0.9926673441087767	-2.1338642268481183e-8	2.4992422877494535e-9	0.0	-0.937407356212667
1.4e-10	8.137748282899891e-5	-3.299121911004197e-5	0.9926674166385137	-2.489434669302722e-8	2.9170297197587857e-9	0.0	-0.9374066298279028
1.6000000000000002e-10	8.136987573110039e-5	-3.302194620551916e-5	0.9926674923393654	-2.8449980281431835e-8	3.334795311694487e-9	0.0	-0.9374064456564039
1.8000000000000002e-10	8.136560906869122e-5	-3.304260938759867e-5	0.992667503902613	-3.200556580953952e-8	3.7525386489750595e-9	0.0	-0.9374067358559709
2.0000000000000003e-10	8.13689555595094e-5	-3.3046345891400965e-5	0.9926674842109554	-3.5561165389195016e-8	4.170280115759699e-9	0.0	-0.9374067122832258
2.2000000000000004e-10	8.137203415758637e-5	-3.3052878580700543e-5	0.9926675193454398	-3.911678801457015e-8	4.588031261917831e-9	0.0	-0.9374060635302994
2.4000000000000005e-10	8.136643906069646e-5	-3.307775046983856e-5	0.9926676207084428	-4.267237648075906e-8	5.0057765176420305e-9	0.0	-0.937405362986524
2.6000000000000003e-10	8.135707573317498e-5	-3.3107897613568956e-5	0.9926677074650878	-4.6227892457006225e-8	5.423495201190488e-9	0.0	-0.9374051653487957
2.8e-10	8.135537673604887e-5	-3.312202176743349e-5	0.9926677268592219	-4.978337304083914e-8	5.841192810780151e-9	0.0	-0.9374052152659101
3.0e-10	8.13611798324716e-5	-3.312390238289275e-5	0.9926677331328834	-5.3338875233933694e-8	6.258894044868065e-9	0.0	-0.937404890507642
3.2e-10	8.13620416024138e-5	-3.313644524651132e-5	0.9926678069825228	-5.6894391328820634e-8	6.6766058076171415e-9	0.0	-0.9374041165212367
3.3999999999999996e-10	8.135255073208468e-5	-3.316582332257258e-5	0.9926679350732022	-6.04498605132246e-8	7.094305443101938e-9	0.0	-0.937403408504868
3.5999999999999995e-10	8.134359649391143e-5	-3.319206613419788e-5	0.9926680296393972	-6.400525900342312e-8	7.511974054863712e-9	0.0	-0.9374030941654584
3.7999999999999993e-10	8.134576240874191e-5	-3.320043040521462e-5	0.9926680594621982	-6.75606349215291e-8	7.929625755567838e-9	0.0	-0.9374028886430475
3.999999999999999e-10	8.135225343455687e-5	-3.320419033074341e-5	0.9926680966731005	-7.111603663792235e-8	8.347287331531668e-9	0.0	-0.9374023527528631
4.199999999999999e-10	8.13489091018345e-5	-3.322351379430188e-5	0.992668209291276	-7.467144103842301e-8	8.764957262099563e-9	0.0	-0.9374014937528348
4.399999999999999e-10	8.13366020497386e-5	-3.3254129023893387e-5	0.9926683595605877	-7.822678775116152e-8	9.182606752009288e-9	0.0	-0.9374007023306743
4.5999999999999986e-10	8.133047267023459e-5	-3.3274635446669324e-5	0.992668460227251	-8.178206842064709e-8	9.600223091199265e-9	0.0	-0.9374002061116106
4.799999999999999e-10	8.133626366661474e-5	-3.32799610831693e-5	0.9926685048647987	-8.533733878403543e-8	1.0017829751232256e-8	0.0	-0.9373997935346536
4.999999999999999e-10	8.134085105987515e-5	-3.328858768850718e-5	0.9926685775548508	-8.889263590296776e-8	1.0435451203767687e-8	0.0	-0.9373991173259224
5.2e-10	8.133256807529224e-5	-3.331326771476596e-5	0.9926687274169623	-9.244792308075307e-8	1.0853074968737563e-8	0.0	-0.9373981415498324
5.4e-10	8.131979641453854e-5	-3.3341819766521685e-5	0.9926688952616793	-9.600314398517186e-8	1.1270669744342123e-8	0.0	-0.9373971844398136
5.6e-10	8.131808697066547e-5	-3.3356939737674854e-5	0.9926690020756576	-9.955830587231609e-8	1.1688233110952004e-8	0.0	-0.9373965083842721
5.800000000000001e-10	8.132567797012065e-5	-3.336277107510837e-5	0.9926690669831564	-1.0311346863704614e-7	1.2105795760780183e-8	0.0	-0.9373959613632123
6.000000000000001e-10	8.132603275456268e-5	-3.337737614674647e-5	0.9926691786092141	-1.0666865569887025e-7	1.2523374689745615e-8	0.0	-0.9373951451964673
6.200000000000001e-10	8.131377282435227e-5	-3.340452009037609e-5	0.992669362811999	-1.1022381808078968e-7	1.2940946622737356e-8	0.0	-0.9373939315611304
6.400000000000002e-10	8.130322263841152e-5	-3.342905837180159e-5	0.9926695442954476	-1.1377890319980234e-7	1.3358483135195431e-8	0.0	-0.9373925848758283
6.600000000000002e-10	8.13059372061777e-5	-3.344109029377314e-5	0.9926696592088571	-1.1733391820296718e-7	1.377599408070027e-8	0.0	-0.937390945335676
6.800000000000002e-10	8.131258975523079e-5	-3.345032900480377e-5	0.9926697502651213	-1.2088885688705666e-7	1.4193512540308142e-8	0.0	-0.9373863079328034
7.000000000000003e-10	8.130765938419037e-5	-3.34698760463266e-5	0.9926699027822538	-1.2444343362339736e-7	1.4611043650641408e-8	0.0	-0.9373656229099532
7.200000000000003e-10	8.129375457954773e-5	-3.34964952832354e-5	0.9926701175311432	-1.2799627607170896e-7	1.5028554918255754e-8	0.0	-0.9372635332573274
7.400000000000003e-10	8.128731530207527e-5	-3.3517172282123996e-5	0.9926703100213935	-1.3154141265241772e-7	1.5446019928699785e-8	0.0	-0.9367256141829867
7.600000000000004e-10	8.129279238673794e-5	-3.352925982640442e-5	0.9926704366909381	-1.350529252604077e-7	1.5863443020717916e-8	0.0	-0.9337847694880036
7.800000000000004e-10	8.129596722924194e-5	-3.354302652531394e-5	0.9926705594876752	-1.384397046822846e-7	1.6280869012964865e-8	0.0	-0.9188202073704546
8.000000000000004e-10	8.128644028764225e-5	-3.356504775639985e-5	0.9926707532671314	-1.4164576831517085e-7	1.6698608688976474e-8	0.0	-0.8722015266725797
8.200000000000005e-10	8.127363655734741e-5	-3.358944212186486e-5	0.9926709945631963	-1.4525022919350837e-7	1.7116156582680608e-8	0.0	-0.8341106856722658
8.400000000000005e-10	8.127160048529246e-5	-3.3608283222629825e-5	0.9926711971197104	1.5075724658068688e-7	1.7532991486351816e-8	0.0	-0.8319739929712501
8.600000000000005e-10	8.127718927399611e-5	-3.362295405171639e-5	0.9926713404104692	1.4675137057847991e-7	1.79506901591124e-8	0.0	-0.8324121460126648
8.800000000000006e-10	8.12755895302075e-5	-3.3640317910469125e-5	0.9926714996824639	1.429291865563332e-7	1.8368445918674245e-8	0.0	-0.8528409439937576
9.000000000000006e-10	8.126357885305248e-5	-3.3662289457976255e-5	0.9926717337824708	1.3965508953463213e-7	1.8785494656566784e-8	0.0	-0.9048807761818368
9.200000000000006e-10	8.12538803061863e-5	-3.368478913372575e-5	0.9926719981080863	1.3635327757966623e-7	1.9202870024231176e-8	0.0	-0.9304228568787314
9.400000000000007e-10	8.125485510841164e-5	-3.370458203712921e-5	0.9926722115253725	1.328746679632432e-7	1.9620276161007856e-8	0.0	-0.9360881159785208
9.600000000000006e-10	8.125804214316251e-5	-3.372262406314054e-5	0.9926723768865986	1.2933774949636518e-7	2.003765016868768e-8	0.0	-0.9371331235245233
9.800000000000005e-10	8.125209514664825e-5	-3.374133913532115e-5	0.9926725762374494	1.257870288278155e-7	2.0455020821046056e-8	0.0	-0.9373257925513931
1.0000000000000005e-9	8.124017348399907e-5	-3.376205972335386e-5	0.992672848914021	1.222332475782772e-7	2.087237435159264e-8	0.0	-0.9373611206519166
1.0000000000000005e-9	8.124017348399907e-5	-3.376205972335386e-5	0.992672848914021	1.222332475782772e-7	2.087237435159264e-8	0.0	-0.9373611206519166
1.0200000000000004e-9	8.123402694239615e-5	-3.378476281357806e-5	0.9926731337257194	1.1867885281605761e-7	2.128969181875079e-8	0.0	-0.9373665342621286
1.0400000000000003e-9	8.123561405389686e-5	-3.380759509895843e-5	0.9926733602753479	1.1512436682225963e-7	2.1706985949777563e-8	0.0	-0.9373667978052547
1.0600000000000003e-9	8.123507648335083e-5	-3.382782262367422e-5	0.9926735531956837	1.1156984547895991e-7	2.2124283306282165e-8	0.0	-0.9373661715275752
1.0800000000000002e-9	8.122661781244455e-5	-3.384572639281959e-5	0.9926737951524652	1.0801529414782124e-7	2.254158496394529e-8	0.0	-0.9373645503186048
1.1000000000000001e-9	8.121665363750173e-5	-3.386602641433703e-5	0.9926741044170619	1.0446077327724419e-7	2.295886620406444e-8	0.0	-0.9373621179083124
1.12e-9	8.121286328787977e-5	-3.389164700100052e-5	0.9926744083460314	1.0090633489766519e-7	2.3376113736349465e-8	0.0	-0.9373600102586139
1.14e-9	8.121278962069982e-5	-3.391780697587597e-5	0.9926746513714475	9.735195149139955e-8	2.379334410053759e-8	0.0	-0.9373587609305044
1.16e-9	8.120887258204157e-5	-3.393785281804436e-5	0.992674877069683	9.379755886051226e-8	2.4210577704789207e-8	0.0	-0.9373575000256812
1.1799999999999999e-9	8.120017411569458e-5	-3.3954248486050516e-5	0.9926751633670459	9.024315288582844e-8	2.4627808943976678e-8	0.0	-0.9373552971337131
1.1999999999999998e-9	8.119252214705338e-5	-3.3976663888285086e-5	0.9926755074057739	8.668879645533006e-8	2.504501562210836e-8	0.0	-0.9373526112675379
1.2199999999999997e-9	8.118894174736945e-5	-3.4007044045987894e-5	0.9926758301996941	8.313452628041143e-8	2.5462191338464153e-8	0.0	-0.9373505874188002
1.2399999999999996e-9	8.118610541885553e-5	-3.403484707463055e-5	0.9926760937591533	7.958029866834883e-8	2.5879353263832327e-8	0.0	-0.9373492835252224
1.2599999999999996e-9	8.118048689020584e-5	-3.405261669043397e-5	0.9926763571459288	7.602605532809614e-8	2.6296516076151893e-8	0.0	-0.9373475786873618
1.2799999999999995e-9	8.117309273710102e-5	-3.406894533931633e-5	0.9926766890592608	7.247181098168301e-8	2.6713671249976318e-8	0.0	-0.9373449090769892
1.2999999999999994e-9	8.116653479153234e-5	-3.409648885445334e-5	0.9926770664212632	6.89176319947116e-8	2.7130800088005065e-8	0.0	-0.9373421333701188
1.3199999999999994e-9	8.116120824735715e-5	-3.413151503608173e-5	0.9926774087726207	6.536353806781881e-8	2.7547899994035774e-8	0.0	-0.937340193956709
1.3399999999999993e-9	8.115612662421287e-5	-3.415818267967518e-5	0.9926776974729699	6.180947364968219e-8	2.796498691415469e-8	0.0	-0.9373386671508958
1.3599999999999992e-9	8.115082396139181e-5	-3.4173262717551625e-5	0.992678003287798	5.825539158027394e-8	2.8382072080303513e-8	0.0	-0.9373364359367845
1.3799999999999992e-9	8.114476435257042e-5	-3.419269732569467e-5	0.9926783818454897	5.470132397881091e-8	2.879914637486094e-8	0.0	-0.9373334146529582
1.399999999999999e-9	8.11372384748222e-5	-3.4227313993747645e-5	0.9926787914414957	5.114733492939653e-8	2.921619314300309e-8	0.0	-0.9373306512592674
1.419999999999999e-9	8.112943060975463e-5	-3.4264810223927524e-5	0.9926791548831951	4.7593425837284235e-8	2.9633211078209794e-8	0.0	-0.937328696566418
1.439999999999999e-9	8.11238583810665e-5	-3.4288010654394706e-5	0.992679473926674	4.403953440262783e-8	3.0050215606420295e-8	0.0	-0.9373267832242231
1.4599999999999989e-9	8.112006044994859e-5	-3.430231495315766e-5	0.99267982687766	4.048562828601368e-8	3.0467217035014824e-8	0.0	-0.9373240376652413
1.4799999999999988e-9	8.111384299514342e-5	-3.4328431854380477e-5	0.9926802528799484	3.6931753762322506e-8	3.088420552304603e-8	0.0	-0.9373208038010465
1.4999999999999987e-9	8.110360946698363e-5	-3.4369911797457506e-5	0.9926806939388935	3.337796749535494e-8	3.130116402468897e-8	0.0	-0.937318065436445
1.5199999999999987e-9	8.109420602879992e-5	-3.440662269977125e-5	0.9926810809297496	2.982425333021791e-8	3.1718092123395465e-8	0.0	-0.9373159360795414
1.5399999999999986e-9	8.109009635586613e-5	-3.442592921352511e-5	0.992681436266983	2.627054759172404e-8	3.2135007067650465e-8	0.0	-0.9373135368483094
1.5599999999999985e-9	8.108740818617292e-5	-3.4443213325506005e-5	0.9926818410183127	2.2716834606019775e-8	3.255191913232871e-8	0.0	-0.9373103668612938
1.5799999999999985e-9	8.107881027547116e-5	-3.4478369494525435e-5	0.9926823149255879	1.9163170517720317e-8	3.296881549372669e-8	0.0	-0.9373070188964628
1.5999999999999984e-9	8.106547261318685e-5	-3.452430269339022e-5	0.9926827870845684	1.560960074614616e-8	3.338567726707882e-8	0.0	-0.9373042227718955
1.6199999999999983e-9	8.105652600032945e-5	-3.455753841350404e-5	0.9926832012816754	1.2056093894193965e-8	3.380250696653604e-8	0.0	-0.9373017619340356
1.6399999999999983e-9	8.105484443004431e-5	-3.457506359968212e-5	0.9926835996938415	8.502589701902651e-9	3.421932577031548e-8	0.0	-0.9372988686907889
1.6599999999999982e-9	8.105134549785275e-5	-3.4599491885212674e-5	0.99268406065278	4.949089273045075e-9	3.463614223790677e-8	0.0	-0.9372953882624547
1.6799999999999981e-9	8.103862795807228e-5	-3.4643720724154524e-5	0.9926845825102342	1.3956541381119225e-9	3.505293776442494e-8	0.0	-0.9372919382127866
1.699999999999998e-9	8.102347737102227e-5	-3.4690587708894756e-5	0.9926850861421574	-2.1576838090453523e-9	3.546969262274492e-8	0.0	-0.9372889433123057
1.719999999999998e-9	8.101709742446201e-5	-3.471974439132294e-5	0.992685532728973	-5.710968040201522e-9	3.588641563256876e-8	0.0	-0.9372860548007227
1.739999999999998e-9	8.101709473825149e-5	-3.473958307083056e-5	0.9926859816913399	-9.264251678577751e-9	3.630313191313686e-8	0.0	-0.9372827322168832
1.7599999999999979e-9	8.101021527807157e-5	-3.477402568944536e-5	0.9926865026881352	-1.2817517946436e-8	3.671984457303526e-8	0.0	-0.9372790143959306
1.7799999999999978e-9	8.099314614554894e-5	-3.482505054241797e-5	0.9926870722698126	-1.6370703965158954e-8	3.713652793836126e-8	0.0	-0.9372753834911924
1.7999999999999977e-9	8.097861847950193e-5	-3.4869975232355843e-5	0.9926876090183748	-1.9923792345788714e-8	3.7553165028324486e-8	0.0	-0.9372720531626272
1.8199999999999976e-9	8.097575104442621e-5	-3.4897161193139086e-5	0.9926880948942369	-2.3476835319496476e-8	3.796977365294713e-8	0.0	-0.9372687260970343
1.8399999999999976e-9	8.097509566327945e-5	-3.492386181600149e-5	0.9926886021927068	-2.7029876228203237e-8	3.8386379949160916e-8	0.0	-0.937265056203583
1.8599999999999975e-9	8.096289588382404e-5	-3.496878011901518e-5	0.9926891862504302	-3.058288430038012e-8	3.880297758532512e-8	0.0	-0.9372610891168931
1.8799999999999976e-9	8.0943040307828e-5	-3.50232151494188e-5	0.9926898035196917	-3.413579866894712e-8	3.92195354740944e-8	0.0	-0.9372571474339928
1.8999999999999976e-9	8.093151892527088e-5	-3.506554183587232e-5	0.9926903768793854	-3.768861663834969e-8	3.9636044226391974e-8	0.0	-0.9372534056607538
1.9199999999999975e-9	8.093124096011975e-5	-3.5094949989731506e-5	0.9926909105590017	-4.124139611768493e-8	4.0052530718887255e-8	0.0	-0.9372496924148767
1.9399999999999974e-9	8.092698976918885e-5	-3.5131749211974794e-5	0.9926914837834749	-4.479416874352765e-8	4.046901696609649e-8	0.0	-0.9372457097121079
1.9599999999999974e-9	8.090919607298803e-5	-3.5185283832014494e-5	0.9926921331809819	-4.834689156226155e-8	4.0885485155355244e-8	0.0	-0.9372413962179468
1.9799999999999973e-9	8.088927748109319e-5	-3.5240492053321545e-5	0.9926927990151038	-5.189950857854754e-8	4.130190338160982e-8	0.0	-0.9372370261975336
1.9999999999999972e-9	8.088182598351241e-5	-3.5282387770728456e-5	0.9926934147374301	-5.5452031651007645e-8	4.171827372245231e-8	0.0	-0.9372328777979378
1.9999999999999972e-9	8.088182598351241e-5	-3.5282387770728456e-5	0.9926934147374301	-5.5452031651007645e-8	4.171827372245231e-8	0.0	-0.9372328777979378
2.019999999999997e-9	8.088155472379222e-5	-3.531868064582424e-5	0.9926940059437334	-5.900452147189445e-8	4.2134628816587784e-8	0.0	-0.9372288353630883
2.039999999999997e-9	8.087150437443364e-5	-3.5366410804915245e-5	0.9926946520876788	-6.255699633596812e-8	4.255098122457083e-8	0.0	-0.9372244860052398
2.059999999999997e-9	8.084974486522377e-5	-3.542571050105115e-5	0.992695368816623	-6.610940299189585e-8	4.296730302179679e-8	0.0	-0.937219687810006
2.079999999999997e-9	8.083235311912383e-5	-3.548141944483043e-5	0.9926960858046092	-6.966169305409724e-8	4.338356745973327e-8	0.0	-0.9372148381541298
2.099999999999997e-9	8.082803315258473e-5	-3.5527158405325275e-5	0.9926967519681534	-7.321389261222778e-8	4.379978897029591e-8	0.0	-0.9372103405459288
2.119999999999997e-9	8.08245948045537e-5	-3.5573669608867364e-5	0.9926974110661145	-7.676606208753512e-8	4.421600015776146e-8	0.0	-0.9372059651244797
2.1399999999999967e-9	8.080832751574173e-5	-3.563096645358677e-5	0.9926981364598754	-8.031820488664895e-8	4.4632200978591666e-8	0.0	-0.937201112559129
2.1599999999999967e-9	8.078539274970883e-5	-3.569415782221104e-5	0.9926989230105948	-8.387025971358735e-8	4.504835805882275e-8	0.0	-0.9371957160692636
2.1799999999999966e-9	8.077167320868021e-5	-3.5753003994959015e-5	0.9926996960813594	-8.742218866868175e-8	4.5464454726031844e-8	0.0	-0.9371904157254402
2.1999999999999965e-9	8.076783811651333e-5	-3.580726384799779e-5	0.9927004228143469	-9.097403130721464e-8	4.588051493813403e-8	0.0	-0.9371856148489892
2.2199999999999965e-9	8.075888591642385e-5	-3.5864983050745896e-5	0.9927011603413689	-9.452584422107192e-8	4.6296565205532615e-8	0.0	-0.9371808045936484
2.2399999999999964e-9	8.0737938775311e-5	-3.592978881270296e-5	0.9927019710278349	-9.807761467194448e-8	4.671259341224131e-8	0.0	-0.9371752799477814
2.2599999999999963e-9	8.071639536332253e-5	-3.599761375367821e-5	0.9927028312917217	-1.0162927631951238e-7	4.71285669302677e-8	0.0	-0.9371692466119683
2.2799999999999963e-9	8.0705404394906e-5	-3.6064301111143715e-5	0.992703667999127	-1.0518080453665295e-7	4.754448092267814e-8	0.0	-0.9371635626151387
2.299999999999996e-9	8.069887025419345e-5	-3.613036176464702e-5	0.9927044670177887	-1.0873225016270255e-7	4.796036337389844e-8	0.0	-0.9371584032960132
2.319999999999996e-9	8.068392019195815e-5	-3.6198338684139844e-5	0.9927052935546783	-1.1228365991625237e-7	4.8376230883046925e-8	0.0	-0.9371528740250612
2.339999999999996e-9	8.066093252718251e-5	-3.627001301900747e-5	0.9927061960322342	-1.1583499625985593e-7	4.879206323792742e-8	0.0	-0.9371461087612979
2.359999999999996e-9	8.064178345702277e-5	-3.634627383104364e-5	0.9927071360585268	-1.1938615649858587e-7	4.9207833630723e-8	0.0	-0.9371374471018321
2.379999999999996e-9	8.06308889963043e-5	-3.642576362495174e-5	0.9927080465150319	-1.2293697767904935e-7	4.9623546794503824e-8	0.0	-0.9371215941843658
2.399999999999996e-9	8.061940809981076e-5	-3.65046419470699e-5	0.9927089307457329	-1.264868354896161e-7	5.0039228109441635e-8	0.0	-0.9370666361295841
2.4199999999999958e-9	8.059991091643712e-5	-3.6581743756237704e-5	0.9927098572329958	-1.30032689479231e-7	5.045488081580588e-8	0.0	-0.9368023800786233
2.4399999999999957e-9	8.057714247344485e-5	-3.666272015652794e-5	0.9927108593315473	-1.33560746677994e-7	5.0870471177809606e-8	0.0	-0.9353939215851269
2.4599999999999956e-9	8.055925363476658e-5	-3.675326271234523e-5	0.9927118877556418	-1.3701537142299384e-7	5.1285967366456006e-8	0.0	-0.9278450168861295
2.4799999999999956e-9	8.054542401759572e-5	-3.684899829678883e-5	0.9927128843817012	-1.402739498991866e-7	5.170153201972082e-8	0.0	-0.8961409003390031
2.4999999999999955e-9	8.052867657993854e-5	-3.6940154063709586e-5	0.9927138679019593	-1.4361204800201183e-7	5.211736535513634e-8	0.0	-0.8441708498605507
2.5199999999999954e-9	8.05070224612803e-5	-3.70273753842628e-5	0.9927149062962825	-1.475079667645123e-7	5.2532268154886145e-8	0.0	-0.8307179006980638
2.5399999999999954e-9	8.048500907010709e-5	-3.712347012470095e-5	0.9927160178970653	1.4848552288327104e-7	5.294746803891809e-8	0.0	-0.831462296260142
2.5599999999999953e-9	8.046566052054857e-5	-3.723424266772469e-5	0.9927171460232085	1.4452996809022677e-7	5.336336236701813e-8	0.0	-0.8380067596548267
2.5799999999999952e-9	8.044698508324164e-5	-3.734752154144526e-5	0.9927182433597661	1.4104629606983196e-7	5.3778392032472615e-8	0.0	-0.8827689170783519
2.599999999999995e-9	8.042650371907565e-5	-3.745098055611589e-5	0.9927193417102965	1.3782946803904334e-7	5.41934158244926e-8	0.0	-0.9230818897942892
2.619999999999995e-9	8.040443813707802e-5	-3.755313192696307e-5	0.9927205056856175	1.344140745251128e-7	5.460861525037463e-8	0.0	-0.9343873603565361
2.639999999999995e-9	8.038154279845044e-5	-3.767230228270466e-5	0.9927217390612725	1.3089780794016748e-7	5.502373119500999e-8	0.0	-0.9365482263887573
2.659999999999995e-9	8.035787082455097e-5	-3.780764071909237e-5	0.9927229807236854	1.273558251779149e-7	5.543875284470334e-8	0.0	-0.9369384015453872
2.679999999999995e-9	8.03344678614291e-5	-3.793875416387214e-5	0.9927241954517225	1.2380813667524388e-7	5.58537029609768e-8	0.0	-0.9370061407084329
2.699999999999995e-9	8.0312455873744e-5	-3.805769321137533e-5	0.9927254260884727	1.2025923185555421e-7	5.6268600579578546e-8	0.0	-0.9370126094329292
2.7199999999999947e-9	8.028976637384855e-5	-3.8183537528945166e-5	0.9927267313769809	1.1671013612162381e-7	5.668344490665594e-8	0.0	-0.9370063130471397
2.7399999999999947e-9	8.026295471188637e-5	-3.8333786683546634e-5	0.9927281010316087	1.131611473279217e-7	5.709821793790316e-8	0.0	-0.9369975474631821
2.7599999999999946e-9	8.023352654100104e-5	-3.8496129459991845e-5	0.9927294723248047	1.0961234654133348e-7	5.751290761742846e-8	0.0	-0.93698878454854
2.7799999999999945e-9	8.02072631799171e-5	-3.8646977615082815e-5	0.9927308233077448	1.0606369725212403e-7	5.792752305993909e-8	0.0	-0.9369798686738449
2.7999999999999945e-9	8.018490705152539e-5	-3.8789445054235386e-5	0.992732205634291	1.025151541810848e-7	5.834208043392397e-8	0.0	-0.9369701212048138
2.8199999999999944e-9	8.0159188187379e-5	-3.895016531738586e-5	0.9927336695317138	9.896674732949581e-8	5.875657720890949e-8	0.0	-0.9369597362407026
2.8399999999999943e-9	8.012569689794548e-5	-3.913792654566845e-5	0.9927351913681162	9.5418546718128e-8	5.91709912300157e-8	0.0	-0.9369494745647432
2.8599999999999943e-9	8.009131141997221e-5	-3.9329525368498226e-5	0.9927367099637645	9.187056692838773e-8	5.958530903419622e-8	0.0	-0.9369394941690061
2.879999999999994e-9	8.006440592979569e-5	-3.95065167763448e-5	0.9927382175464892	8.832275315156463e-8	5.999954396205559e-8	0.0	-0.9369291857052578
2.899999999999994e-9	8.004067677091708e-5	-3.9685294535309286e-5	0.9927397715530335	8.477506872465742e-8	6.041371528392924e-8	0.0	-0.9369181456165768
2.919999999999994e-9	8.000847094596091e-5	-3.989218090510447e-5	0.9927414108498278	8.122755556432074e-8	6.082781593161269e-8	0.0	-0.9369067130142781
2.939999999999994e-9	7.996749781230855e-5	-4.012245710413542e-5	0.9927430999643424	7.768027965777614e-8	6.124181762825856e-8	0.0	-0.9368953618073448
2.959999999999994e-9	7.993068904865695e-5	-4.034853726318595e-5	0.9927447828054479	7.41332418700018e-8	6.16557094358974e-8	0.0	-0.9368840129113974
2.979999999999994e-9	7.990399760783186e-5	-4.056418952122734e-5	0.9927464656234545	7.058638419126561e-8	6.206951273304513e-8	0.0	-0.9368722467606685
2.9999999999999938e-9	7.987584067508098e-5	-4.079474844108133e-5	0.9927482073506577	6.703968150913233e-8	6.24832471188887e-8	0.0	-0.9368599288020748
