# muMAG Standard Problem 4 — JuliaMag
# t[s]	mx	my	mz
0.000000e+00	0.966818	0.125561	0.000000
2.500000e-12	0.966632	0.126203	-0.003173
5.000000e-12	0.966108	0.128002	-0.006317
7.500000e-12	0.965241	0.130944	-0.009429
1.000000e-11	0.964022	0.135010	-0.012506
1.250000e-11	0.962436	0.140178	-0.015544
1.500000e-11	0.960466	0.146423	-0.018539
1.750000e-11	0.958090	0.153717	-0.021487
2.000000e-11	0.955284	0.162026	-0.024383
2.250000e-11	0.952023	0.171316	-0.027224
2.500000e-11	0.948277	0.181545	-0.030003
2.750000e-11	0.944020	0.192672	-0.032717
3.000000e-11	0.939223	0.204650	-0.035361
3.250000e-11	0.933858	0.217428	-0.037930
3.500000e-11	0.927900	0.230955	-0.040420
3.750000e-11	0.921322	0.245176	-0.042828
4.000000e-11	0.914104	0.260033	-0.045149
4.250000e-11	0.906225	0.275468	-0.047382
4.500000e-11	0.897668	0.291422	-0.049524
4.750000e-11	0.888418	0.307836	-0.051577
5.000000e-11	0.878464	0.324649	-0.053540
5.250000e-11	0.867797	0.341802	-0.055416
5.500000e-11	0.856410	0.359239	-0.057207
5.750000e-11	0.844298	0.376902	-0.058919
6.000000e-11	0.831457	0.394736	-0.060555
6.250000e-11	0.817885	0.412690	-0.062124
6.500000e-11	0.803579	0.430711	-0.063633
6.750000e-11	0.788537	0.448752	-0.065090
7.000000e-11	0.772758	0.466764	-0.066505
7.250000e-11	0.756239	0.484703	-0.067889
7.500000e-11	0.738975	0.502523	-0.069253
7.750000e-11	0.720960	0.520182	-0.070608
8.000000e-11	0.702186	0.537638	-0.071967
8.250000e-11	0.682642	0.554847	-0.073343
8.500000e-11	0.662314	0.571765	-0.074750
8.750000e-11	0.641186	0.588349	-0.076200
9.000000e-11	0.619239	0.604550	-0.077710
9.250000e-11	0.596448	0.620320	-0.079294
9.500000e-11	0.572788	0.635604	-0.080966
9.750000e-11	0.548232	0.650342	-0.082742
1.000000e-10	0.522747	0.664471	-0.084638
1.025000e-10	0.496303	0.677917	-0.086666
1.050000e-10	0.468867	0.690602	-0.088842
1.075000e-10	0.440408	0.702435	-0.091177
1.100000e-10	0.410898	0.713319	-0.093680
1.125000e-10	0.380314	0.723146	-0.096360
1.150000e-10	0.348639	0.731800	-0.099218
1.175000e-10	0.315869	0.739155	-0.102252
1.200000e-10	0.282011	0.745084	-0.105456
1.225000e-10	0.247087	0.749454	-0.108815
1.250000e-10	0.211136	0.752137	-0.112311
1.275000e-10	0.174215	0.753009	-0.115917
1.300000e-10	0.136396	0.751960	-0.119604
1.325000e-10	0.097769	0.748894	-0.123339
1.350000e-10	0.058432	0.743734	-0.127086
1.375000e-10	0.018497	0.736423	-0.130811
1.400000e-10	-0.021922	0.726925	-0.134480
1.425000e-10	-0.062709	0.715225	-0.138063
1.450000e-10	-0.103746	0.701323	-0.141533
1.475000e-10	-0.144917	0.685233	-0.144867
1.500000e-10	-0.186107	0.666980	-0.148045
1.525000e-10	-0.227199	0.646596	-0.151054
1.550000e-10	-0.268075	0.624115	-0.153878
1.575000e-10	-0.308608	0.599578	-0.156508
1.600000e-10	-0.348662	0.573025	-0.158933
1.625000e-10	-0.388092	0.544502	-0.161140
1.650000e-10	-0.426738	0.514063	-0.163115
1.675000e-10	-0.464438	0.481772	-0.164841
1.700000e-10	-0.501024	0.447710	-0.166296
1.725000e-10	-0.536341	0.411975	-0.167455
1.750000e-10	-0.570252	0.374679	-0.168293
1.775000e-10	-0.602645	0.335942	-0.168783
1.800000e-10	-0.633436	0.295886	-0.168900
1.825000e-10	-0.662564	0.254624	-0.168621
1.850000e-10	-0.689984	0.212262	-0.167921
1.875000e-10	-0.715649	0.168894	-0.166776
1.900000e-10	-0.739505	0.124615	-0.165159
1.925000e-10	-0.761477	0.079529	-0.163040
1.950000e-10	-0.781467	0.033761	-0.160384
1.975000e-10	-0.799351	-0.012529	-0.157156
2.000000e-10	-0.814984	-0.059139	-0.153317
2.025000e-10	-0.828205	-0.105812	-0.148829
2.050000e-10	-0.838840	-0.152235	-0.143652
2.075000e-10	-0.846713	-0.198030	-0.137750
2.100000e-10	-0.851652	-0.242747	-0.131087
2.125000e-10	-0.853503	-0.285856	-0.123636
2.150000e-10	-0.852164	-0.326735	-0.115381
2.175000e-10	-0.847618	-0.364676	-0.106338
2.200000e-10	-0.839994	-0.398919	-0.096569
2.225000e-10	-0.829598	-0.428716	-0.086196
2.250000e-10	-0.816920	-0.453425	-0.075396
2.275000e-10	-0.802585	-0.472601	-0.064384
2.300000e-10	-0.787273	-0.486038	-0.053380
2.325000e-10	-0.771628	-0.493760	-0.042579
2.350000e-10	-0.756198	-0.495977	-0.032135
2.375000e-10	-0.741411	-0.493026	-0.022157
2.400000e-10	-0.727573	-0.485321	-0.012715
2.425000e-10	-0.714890	-0.473321	-0.003847
2.450000e-10	-0.703489	-0.457515	0.004433
2.475000e-10	-0.693432	-0.438398	0.012128
2.500000e-10	-0.684724	-0.416466	0.019244
2.525000e-10	-0.677326	-0.392207	0.025788
2.550000e-10	-0.671170	-0.366108	0.031763
2.575000e-10	-0.666174	-0.338666	0.037161
2.600000e-10	-0.662256	-0.310386	0.041977
2.625000e-10	-0.659346	-0.281786	0.046207
2.650000e-10	-0.657380	-0.253379	0.049862
2.675000e-10	-0.656294	-0.225648	0.052973
2.700000e-10	-0.656027	-0.199015	0.055584
2.725000e-10	-0.656530	-0.173809	0.057758
2.750000e-10	-0.657777	-0.150261	0.059560
2.775000e-10	-0.659767	-0.128506	0.061059
2.800000e-10	-0.662544	-0.108605	0.062322
2.825000e-10	-0.666236	-0.090564	0.063413
2.850000e-10	-0.671076	-0.074361	0.064390
2.875000e-10	-0.677393	-0.059946	0.065296
2.900000e-10	-0.685551	-0.047235	0.066160
2.925000e-10	-0.695871	-0.036087	0.066996
2.950000e-10	-0.708552	-0.026303	0.067813
2.975000e-10	-0.723636	-0.017622	0.068619
3.000000e-10	-0.741012	-0.009727	0.069426
3.025000e-10	-0.760452	-0.002220	0.070254
3.050000e-10	-0.781628	0.005388	0.071127
3.075000e-10	-0.804109	0.013691	0.072063
3.100000e-10	-0.827343	0.023340	0.073066
3.125000e-10	-0.850630	0.034970	0.074106
3.150000e-10	-0.873116	0.049102	0.075111
3.175000e-10	-0.893804	0.066050	0.075976
3.200000e-10	-0.911586	0.085842	0.076574
3.225000e-10	-0.925325	0.108162	0.076772
3.250000e-10	-0.933977	0.132346	0.076465
3.275000e-10	-0.936752	0.157428	0.075589
3.300000e-10	-0.933272	0.182251	0.074133
3.325000e-10	-0.923693	0.205635	0.072129
3.350000e-10	-0.908726	0.226569	0.069648
3.375000e-10	-0.889510	0.244394	0.066788
3.400000e-10	-0.867381	0.258874	0.063650
3.425000e-10	-0.843649	0.270151	0.060327
3.450000e-10	-0.819455	0.278619	0.056891
3.475000e-10	-0.795734	0.284799	0.053398
3.500000e-10	-0.773223	0.289250	0.049890
3.525000e-10	-0.752494	0.292513	0.046396
3.550000e-10	-0.733968	0.295079	0.042936
3.575000e-10	-0.717932	0.297372	0.039514
3.600000e-10	-0.704546	0.299747	0.036122
3.625000e-10	-0.693863	0.302494	0.032741
3.650000e-10	-0.685842	0.305848	0.029349
3.675000e-10	-0.680371	0.309994	0.025917
3.700000e-10	-0.677284	0.315075	0.022420
3.725000e-10	-0.676395	0.321182	0.018834
3.750000e-10	-0.677524	0.328345	0.015142
3.775000e-10	-0.680525	0.336518	0.011335
3.800000e-10	-0.685296	0.345581	0.007401
3.825000e-10	-0.691770	0.355328	0.003331
3.850000e-10	-0.699896	0.365461	-0.000883
3.875000e-10	-0.709600	0.375589	-0.005248
3.900000e-10	-0.720766	0.385238	-0.009769
3.925000e-10	-0.733218	0.393882	-0.014442
3.950000e-10	-0.746738	0.400978	-0.019261
3.975000e-10	-0.761082	0.406018	-0.024211
4.000000e-10	-0.776015	0.408564	-0.029273
4.025000e-10	-0.791315	0.408276	-0.034421
4.050000e-10	-0.806764	0.404928	-0.039615
4.075000e-10	-0.822134	0.398399	-0.044804
4.100000e-10	-0.837179	0.388663	-0.049930
4.125000e-10	-0.851642	0.375771	-0.054926
4.150000e-10	-0.865261	0.359838	-0.059726
4.175000e-10	-0.877776	0.341034	-0.064262
4.200000e-10	-0.888936	0.319574	-0.068473
4.225000e-10	-0.898523	0.295714	-0.072307
4.250000e-10	-0.906372	0.269736	-0.075718
4.275000e-10	-0.912385	0.241941	-0.078665
4.300000e-10	-0.916527	0.212651	-0.081099
4.325000e-10	-0.918811	0.182221	-0.082967
4.350000e-10	-0.919294	0.151056	-0.084213
4.375000e-10	-0.918087	0.119601	-0.084790
4.400000e-10	-0.915368	0.088322	-0.084670
4.425000e-10	-0.911379	0.057660	-0.083850
4.450000e-10	-0.906405	0.027988	-0.082351
4.475000e-10	-0.900739	-0.000444	-0.080212
4.500000e-10	-0.894653	-0.027516	-0.077479
4.525000e-10	-0.888386	-0.053229	-0.074199
4.550000e-10	-0.882143	-0.077643	-0.070413
4.575000e-10	-0.876094	-0.100828	-0.066155
4.600000e-10	-0.870378	-0.122822	-0.061457
4.625000e-10	-0.865123	-0.143623	-0.056355
4.650000e-10	-0.860473	-0.163193	-0.050887
4.675000e-10	-0.856598	-0.181466	-0.045093
4.700000e-10	-0.853687	-0.198363	-0.039008
4.725000e-10	-0.851924	-0.213783	-0.032661
4.750000e-10	-0.851471	-0.227606	-0.026070
4.775000e-10	-0.852456	-0.239680	-0.019248
4.800000e-10	-0.854969	-0.249809	-0.012205
4.825000e-10	-0.859042	-0.257750	-0.004953
4.850000e-10	-0.864635	-0.263209	0.002482
4.875000e-10	-0.871626	-0.265862	0.010057
4.900000e-10	-0.879818	-0.265377	0.017707
4.925000e-10	-0.888938	-0.261460	0.025340
4.950000e-10	-0.898639	-0.253891	0.032847
4.975000e-10	-0.908494	-0.242566	0.040106
5.000000e-10	-0.918020	-0.227523	0.046999
5.025000e-10	-0.926711	-0.208955	0.053423
5.050000e-10	-0.934097	-0.187199	0.059295
5.075000e-10	-0.939811	-0.162695	0.064559
5.100000e-10	-0.943641	-0.135938	0.069183
5.125000e-10	-0.945560	-0.107423	0.073155
5.150000e-10	-0.945690	-0.077612	0.076474
5.175000e-10	-0.944238	-0.046908	0.079143
5.200000e-10	-0.941411	-0.015651	0.081166
5.225000e-10	-0.937373	0.015883	0.082554
5.250000e-10	-0.932248	0.047472	0.083323
5.275000e-10	-0.926144	0.078940	0.083492
5.300000e-10	-0.919178	0.110146	0.083084
5.325000e-10	-0.911476	0.140965	0.082120
5.350000e-10	-0.903179	0.171267	0.080612
5.375000e-10	-0.894451	0.200915	0.078566
5.400000e-10	-0.885474	0.229761	0.075984
5.425000e-10	-0.876448	0.257655	0.072866
5.450000e-10	-0.867586	0.284441	0.069216
5.475000e-10	-0.859114	0.309959	0.065043
5.500000e-10	-0.851256	0.334047	0.060366
5.525000e-10	-0.844215	0.356547	0.055212
5.550000e-10	-0.838160	0.377306	0.049615
5.575000e-10	-0.833232	0.396176	0.043610
5.600000e-10	-0.829548	0.413006	0.037235
5.625000e-10	-0.827211	0.427644	0.030529
5.650000e-10	-0.826302	0.439935	0.023537
5.675000e-10	-0.826870	0.449732	0.016317
5.700000e-10	-0.828916	0.456903	0.008937
5.725000e-10	-0.832399	0.461334	0.001468
5.750000e-10	-0.837229	0.462927	-0.006019
5.775000e-10	-0.843273	0.461590	-0.013458
5.800000e-10	-0.850355	0.457240	-0.020789
5.825000e-10	-0.858246	0.449808	-0.027953
5.850000e-10	-0.866677	0.439248	-0.034889
5.875000e-10	-0.875347	0.425561	-0.041533
5.900000e-10	-0.883950	0.408802	-0.047815
5.925000e-10	-0.892184	0.389095	-0.053662
5.950000e-10	-0.899769	0.366635	-0.059000
5.975000e-10	-0.906466	0.341687	-0.063757
6.000000e-10	-0.912092	0.314575	-0.067864
6.025000e-10	-0.916533	0.285666	-0.071261
6.050000e-10	-0.919740	0.255351	-0.073898
6.075000e-10	-0.921716	0.224029	-0.075741
6.100000e-10	-0.922504	0.192096	-0.076772
6.125000e-10	-0.922179	0.159947	-0.076989
6.150000e-10	-0.920847	0.127975	-0.076403
6.175000e-10	-0.918648	0.096563	-0.075037
6.200000e-10	-0.915759	0.066082	-0.072923
6.225000e-10	-0.912388	0.036871	-0.070101
6.250000e-10	-0.908764	0.009230	-0.066618
6.275000e-10	-0.905123	-0.016593	-0.062525
6.300000e-10	-0.901689	-0.040403	-0.057875
6.325000e-10	-0.898665	-0.062059	-0.052727
6.350000e-10	-0.896227	-0.081456	-0.047143
6.375000e-10	-0.894530	-0.098520	-0.041189
6.400000e-10	-0.893706	-0.113199	-0.034935
6.425000e-10	-0.893859	-0.125453	-0.028445
6.450000e-10	-0.895065	-0.135256	-0.021786
6.475000e-10	-0.897368	-0.142582	-0.015013
6.500000e-10	-0.900782	-0.147403	-0.008181
6.525000e-10	-0.905281	-0.149681	-0.001338
6.550000e-10	-0.910786	-0.149367	0.005468
6.575000e-10	-0.917155	-0.146407	0.012183
6.600000e-10	-0.924185	-0.140754	0.018750
6.625000e-10	-0.931619	-0.132382	0.025104
6.650000e-10	-0.939166	-0.121297	0.031170
6.675000e-10	-0.946516	-0.107557	0.036874
6.700000e-10	-0.953366	-0.091278	0.042135
6.725000e-10	-0.959432	-0.072643	0.046880
6.750000e-10	-0.964469	-0.051903	0.051040
6.775000e-10	-0.968284	-0.029365	0.054558
6.800000e-10	-0.970748	-0.005380	0.057390
6.825000e-10	-0.971801	0.019675	0.059510
6.850000e-10	-0.971451	0.045416	0.060906
6.875000e-10	-0.969770	0.071473	0.061585
6.900000e-10	-0.966882	0.097498	0.061567
6.925000e-10	-0.962948	0.123183	0.060887
6.950000e-10	-0.958151	0.148264	0.059584
6.975000e-10	-0.952687	0.172515	0.057704
7.000000e-10	-0.946763	0.195751	0.055290
7.025000e-10	-0.940593	0.217815	0.052385
7.050000e-10	-0.934403	0.238573	0.049033
7.075000e-10	-0.928412	0.257905	0.045275
7.100000e-10	-0.922826	0.275700	0.041153
7.125000e-10	-0.917818	0.291844	0.036707
7.150000e-10	-0.913531	0.306228	0.031972
7.175000e-10	-0.910073	0.318737	0.026977
7.200000e-10	-0.907524	0.329262	0.021751
7.225000e-10	-0.905941	0.337698	0.016321
7.250000e-10	-0.905359	0.343953	0.010716
7.275000e-10	-0.905786	0.347949	0.004967
7.300000e-10	-0.907199	0.349618	-0.000888
7.325000e-10	-0.909541	0.348906	-0.006809
7.350000e-10	-0.912717	0.345766	-0.012745
7.375000e-10	-0.916603	0.340161	-0.018642
7.400000e-10	-0.921048	0.332064	-0.024441
7.425000e-10	-0.925892	0.321468	-0.030082
7.450000e-10	-0.930979	0.308394	-0.035503
7.475000e-10	-0.936168	0.292909	-0.040639
7.500000e-10	-0.941337	0.275126	-0.045427
7.525000e-10	-0.946386	0.255208	-0.049802
7.550000e-10	-0.951232	0.233364	-0.053706
7.575000e-10	-0.955799	0.209836	-0.057088
7.600000e-10	-0.960019	0.184890	-0.059900
7.625000e-10	-0.963828	0.158813	-0.062103
7.650000e-10	-0.967168	0.131899	-0.063660
7.675000e-10	-0.969987	0.104451	-0.064541
7.700000e-10	-0.972242	0.076779	-0.064718
7.725000e-10	-0.973896	0.049196	-0.064171
7.750000e-10	-0.974926	0.022017	-0.062887
7.775000e-10	-0.975328	-0.004438	-0.060863
7.800000e-10	-0.975122	-0.029854	-0.058106
7.825000e-10	-0.974354	-0.053924	-0.054638
7.850000e-10	-0.973090	-0.076353	-0.050494
7.875000e-10	-0.971423	-0.096867	-0.045722
7.900000e-10	-0.969464	-0.115216	-0.040381
7.925000e-10	-0.967344	-0.131183	-0.034540
7.950000e-10	-0.965210	-0.144585	-0.028276
7.975000e-10	-0.963210	-0.155277	-0.021670
8.000000e-10	-0.961480	-0.163150	-0.014810
8.025000e-10	-0.960136	-0.168131	-0.007781
8.050000e-10	-0.959267	-0.170179	-0.000671
8.075000e-10	-0.958933	-0.169276	0.006437
8.100000e-10	-0.959164	-0.165430	0.013461
8.125000e-10	-0.959960	-0.158674	0.020323
8.150000e-10	-0.961286	-0.149067	0.026949
8.175000e-10	-0.963074	-0.136699	0.033266
8.200000e-10	-0.965217	-0.121689	0.039208
8.225000e-10	-0.967578	-0.104190	0.044710
8.250000e-10	-0.969992	-0.084383	0.049713
8.275000e-10	-0.972285	-0.062484	0.054161
8.300000e-10	-0.974281	-0.038735	0.058008
8.325000e-10	-0.975819	-0.013408	0.061212
8.350000e-10	-0.976761	0.013203	0.063743
8.375000e-10	-0.976995	0.040789	0.065579
8.400000e-10	-0.976449	0.069026	0.066708
8.425000e-10	-0.975088	0.097587	0.067126
8.450000e-10	-0.972919	0.126149	0.066841
8.475000e-10	-0.969986	0.154394	0.065868
8.500000e-10	-0.966365	0.182021	0.064231
8.525000e-10	-0.962157	0.208746	0.061962
8.550000e-10	-0.957483	0.234309	0.059099
8.575000e-10	-0.952472	0.258470	0.055687
8.600000e-10	-0.947263	0.281012	0.051775
8.625000e-10	-0.941997	0.301744	0.047417
8.650000e-10	-0.936814	0.320502	0.042667
8.675000e-10	-0.931851	0.337146	0.037581
8.700000e-10	-0.927240	0.351559	0.032217
8.725000e-10	-0.923098	0.363649	0.026627
8.750000e-10	-0.919535	0.373345	0.020865
8.775000e-10	-0.916651	0.380601	0.014981
8.800000e-10	-0.914534	0.385396	0.009028
8.825000e-10	-0.913260	0.387731	0.003058
8.850000e-10	-0.912885	0.387630	-0.002876
8.875000e-10	-0.913432	0.385128	-0.008719
8.900000e-10	-0.914885	0.380274	-0.014416
8.925000e-10	-0.917192	0.373123	-0.019914
8.950000e-10	-0.920260	0.363743	-0.025162
8.975000e-10	-0.923975	0.352217	-0.030111
9.000000e-10	-0.928201	0.338646	-0.034714
9.025000e-10	-0.932793	0.323155	-0.038931
9.050000e-10	-0.937598	0.305892	-0.042720
9.075000e-10	-0.942464	0.287033	-0.046046
9.100000e-10	-0.947238	0.266774	-0.048880
9.125000e-10	-0.951780	0.245334	-0.051194
9.150000e-10	-0.955967	0.222948	-0.052971
9.175000e-10	-0.959700	0.199863	-0.054197
9.200000e-10	-0.962911	0.176332	-0.054866
9.225000e-10	-0.965564	0.152615	-0.054977
9.250000e-10	-0.967652	0.128966	-0.054538
9.275000e-10	-0.969195	0.105637	-0.053557
9.300000e-10	-0.970234	0.082874	-0.052049
9.325000e-10	-0.970828	0.060910	-0.050032
9.350000e-10	-0.971045	0.039972	-0.047528
9.375000e-10	-0.970959	0.020270	-0.044567
9.400000e-10	-0.970646	0.002003	-0.041181
9.425000e-10	-0.970180	-0.014651	-0.037409
9.450000e-10	-0.969639	-0.029534	-0.033294
9.475000e-10	-0.969100	-0.042509	-0.028883
9.500000e-10	-0.968644	-0.053469	-0.024225
9.525000e-10	-0.968350	-0.062330	-0.019370
9.550000e-10	-0.968294	-0.069032	-0.014370
9.575000e-10	-0.968536	-0.073542	-0.009279
9.600000e-10	-0.969120	-0.075847	-0.004148
9.625000e-10	-0.970063	-0.075954	0.000969
9.650000e-10	-0.971357	-0.073892	0.006020
9.675000e-10	-0.972970	-0.069704	0.010951
9.700000e-10	-0.974843	-0.063456	0.015712
9.725000e-10	-0.976900	-0.055230	0.020252
9.750000e-10	-0.979047	-0.045126	0.024521
9.775000e-10	-0.981181	-0.033267	0.028469
9.800000e-10	-0.983193	-0.019792	0.032050
9.825000e-10	-0.984978	-0.004866	0.035221
9.850000e-10	-0.986434	0.011328	0.037942
9.875000e-10	-0.987476	0.028585	0.040179
9.900000e-10	-0.988034	0.046683	0.041905
9.925000e-10	-0.988066	0.065387	0.043101
9.950000e-10	-0.987554	0.084453	0.043754
9.975000e-10	-0.986507	0.103634	0.043862
1.000000e-09	-0.984954	0.122684	0.043428
